test/index.html : 1593966884.7150586
test/cloud_background.png : 1592837718.6794522
